bando:
  vel:
    beta: 7.848069355999999
    ds: 11.109186376866663
    max_vel: 12.381898170666666
  vkt:
    beta: 1.9011540646333331
    ds: 2.175515582093333
    max_vel: 6.336876904366665
idm:
  vel:
    acc_exp: 4.978403660533333
    des_dec: 8.776636597800001
    des_vel: 5.130552607933334
    jam_dis_0: 6.990900957466667
    max_acc: 6.901618874266668
    safe_head: 9.411128510000001
  vkt:
    acc_exp: 0.745759362462
    des_dec: 1.6007491994133332
    des_vel: 1.9093590197613333
    jam_dis_0: 1.04004959218
    max_acc: 1.6658202335066672
    safe_head: 7.0984553113799995
newell:
  vel:
    jam_dis: 4.704666666666666e-12
    max_vel: 2.7303273717333334
    sens: 0.7867720944666666
  vkt:
    jam_dis: 0.5571264547106668
    max_vel: 4.963939554066668
    sens: 1.9805628910326663
